6816028.910591314 24492001.15185711
6816079.253766145 24487148.022503503
6821245.847418555 24486709.213612262
6821151.013872252 24486083.386650275
6821120.355733616 24485945.285793114
6821086.515968146 24486039.509902455
6821088.54594315 24486042.578826368
6821179.562847698 24486006.90917982
6821220.944010703 24486011.260893572
6821346.006496744 24487804.826341514
6821487.330391686 24487775.856316358
6821185.187407336 24488260.37318781
6821185.1224347 24488264.99708764
6821109.7766377665 24488200.026848413
6821119.512661089 24488240.20293032
6821115.610742454 24488240.22694787
6821040.379505033 24488275.1415377
6821040.390484344 24488271.504616674
6821105.617309794 24488304.09660633
6821109.617226191 24488304.03758908
6821085.328526022 24488267.45149658
6821085.285504416 24488263.451583695
6821137.8714768775 24488275.397080533
6821103.449772179 24488200.50686729
6821106.850701362 24488200.5038516
6821841.727080608 24488321.016828787
6821901.448449401 24488252.058050558
6821836.058538969 24488203.75540304
6821773.395160514 24488260.109468788
6821244.41839215 24488654.63334648
6821294.3733642725 24488656.782068383
6821294.316348302 24488653.73213492
6821392.733273569 24488649.130779006
6821355.695434977 24488718.521442775
6821392.8012534045 24488645.797851115
6821433.385405364 24488645.23667531
6823188.356682409 24482212.341327403
6823186.672733498 24482215.191273276
6823225.78261141 24482338.22241874
6823223.675640513 24482335.598485515
6823221.571668636 24482332.811555818
6823366.8157877205 24482358.19333148
6823331.645358882 24482329.57011636
6823364.409661 24482360.43167
6823336.5905755 24482325.1667
6816109.574105429 24491999.408453323
6815966.107380806 24492050.725002836
6815968.419350608 24492053.912922855
6816033.151740099 24492007.177638516
6816031.010765618 24492003.790722027
6816194.002737745 24491890.964418624
6816194.8757411605 24491894.802331187
6816135.788048786 24491908.585305404
6816137.470032936 24491911.992223583
6816141.190993697 24491918.7870587
6816139.182016214 24491915.35514258
6816054.110730858 24491905.333754413
6816050.7818091875 24491906.938734956
6816106.266183677 24492001.076432403
6815422.037337861 24492162.819087412
6815590.177080079 24492205.937371615
6815589.922063213 24492201.99545845
6815492.371487452 24492271.93239066
6815393.369474522 24492258.785134945
6821380.53863354 24487572.90534176
6820597.841644065 24486823.197251994
6820598.601823663 24486827.02144872
6819254.469715608 24488146.932701193
6820422.973995794 24488373.287934348
6820843.068559817 24487875.322891477
6820705.920167994 24487898.462465275
6820705.4900639085 24487895.85965256
6821832.472307452 24491073.4952902
6821835.963029087 24491072.728749312
6821819.829386352 24491021.607521627
6821822.769993582 24491020.840983286
6821777.969811314 24490866.963459287
6821781.890621207 24490865.986332692
6821882.733921923 24491280.077680852
6821879.133174328 24491280.296704594
6821881.864041466 24491333.498561457
6821877.173065295 24491333.389079656
6821869.982449122 24491489.718038917
6821865.511517481 24491489.38954903
6821874.5621146085 24491260.89775403
6821831.062099406 24491088.648900796
6821792.904870985 24491214.342284784
6821244.126365993 24488657.74903488
6821608.813527887 24492448.540592108
6821612.944391223 24492449.298674345
6821615.994755129 24492401.209763277
6821619.69552779 24492401.748840444
6821649.880921364 24492244.585863158
6821654.021791091 24492246.110470064
6821591.951209462 24492659.831945535
6821588.250434907 24492658.955934428
6821574.427847296 24492709.984644044
6821570.9471173175 24492708.8980482
6821495.60221346 24492844.95232318
6821492.121473673 24492842.122094184
6821588.900464255 24492640.13817073
6821602.1722642295 24492469.430527307
6821519.485519299 24492549.612765282
6821648.302404678 24492566.69471946
6820667.999501966 24489182.231501795
6820691.064034 24488929.220325
6820687.662925 24488929.0536325
6819797.762469368 24493439.867603406
6819818.777862243 24488287.524198048
6820667.636371109 24486860.933530245
6820644.33112755 24486790.362823952
6820640.410315857 24486791.019863304
6821249.276474875 24486708.628270637
6821284.005115432 24486960.79789565
6821279.884262753 24486961.56443946
6821266.261363022 24486949.712851137
6821269.65206575 24486949.283244655
6821294.938104074 24487087.9230215
6821297.228577947 24487087.484996762
6821824.263937871 24491666.91181103
6821832.745578149 24491644.93525535
6821836.666398467 24491645.811265435
6821839.87680082 24491598.64049862
6821843.787617825 24491599.297501694
6821858.63979265 24491436.802615795
6821862.770652954 24491437.021603722
6821819.033825582 24491840.340158794
6821811.422355277 24491860.362493582
6821806.741375074 24491859.16639977
6821797.499738906 24491909.9760811
6821793.578917403 24491908.8894873
6821745.989858915 24492057.949283887
6821742.609148789 24492056.69422061
6821835.766339623 24491668.63012086
6821806.991310937 24491838.520771287
6821785.876431512 24491751.70141547
6821785.00626765 24491754.742248334
6821893.158761965 24491755.179761477
6820734.020108902 24486848.904680997
6820734.460215114 24486851.515917014
6820695.032049149 24486857.50510048
6820694.591941088 24486854.56535387
6820867.647527449 24486782.90712603
6820868.197662039 24486786.49546997
6820785.640213108 24486736.722285744
6820795.7726915255 24486802.727598134
6820798.933345749 24486802.180065837
6820768.064791369 24486422.598852597
6820907.963741756 24486397.06703507
6820830.6018025 24486371.5435475
6821061.383734988 24486056.990472924
6821155.0758955 24486083.080015
6821428.87263019 24489735.085014686
6821526.949647793 24489923.40346836
6821530.708565601 24489922.703466155
6821430.041108906 24489738.674377844
6821465.707125651 24489603.945693612
6821469.325047402 24489603.42468817
6821472.802970925 24489602.700687796
6820646.632115413 24489237.43545178
6820643.719170137 24489236.383488134
6820639.890032036 24489375.427484557
6820638.214399706 24489376.389824107
6820546.3474941 24489466.920929793
6819728.967468787 24490703.87783806
6819725.7405298855 24490702.796876498
6819858.694798129 24490531.448983867
6819856.338832618 24490528.861051016
6819895.675838974 24490497.80154369
6819893.311874557 24490495.37860729
6819256.699917633 24488147.128581848
6819159.863490711 24488068.40274107
6819160.811447547 24488064.237827178
6819158.916533872 24488072.57065489
6819362.287442654 24488097.914162125
6819361.169483513 24488101.04009938
6819362.82341106 24488094.281238582
6819233.94050833 24488345.6713731
6819241.505109199 24488480.47840881
6819307.4274205 24488401.58341
6819152.0247895 24488417.09449
6819821.8939467 24488288.50489171
6819943.091090421 24488229.27561729
6819942.261129357 24488233.12553748
6819760.524761156 24488206.17696491
6819761.354723176 24488202.497041024
6819762.514681253 24488199.337104313
6818919.147207895 24490682.58705202
6818899.245670368 24490868.912095517
6818963.375039696 24490816.360940345
6818962.025087015 24490819.776872374
6819005.132345696 24490847.524069764
6818890.624181721 24490927.906853545
6818896.048730773 24490867.819134075
6818906.703798556 24490741.53582875
6820553.271150619 24490498.067491736
6820551.83616181 24490494.746570546
6820550.430173979 24490491.706643112
6820548.995185965 24490488.52671886
6820353.815760262 24490579.371649
6820419.875657423 24490561.345394388
6820418.675387534 24490557.740206763
6820417.765178394 24490554.21082793
6820460.683856684 24490458.706775904
6820457.114938874 24490460.109761953
6820453.471022912 24490461.56374724
6820425.955991818 24490395.969763912
6820498.420862627 24490599.416543588
6820502.004786808 24490599.201531656
6820505.876704458 24490598.891520455
6820509.4856159 24490596.504555605
6820502.693519371 24490674.925442763
6820665.439408729 24489181.41258199
6820681.97479185 24488955.182421193
6820678.426864479 24488954.96344239
6818793.0694176825 24487409.08276666
6819025.574422347 24487381.523288473
6819025.628442104 24487385.23520757
6818903.062101064 24487340.710368115
6818899.364550656 24487470.558938444
6819906.264554115 24493354.555426575
6819782.350099543 24493588.405003335
6819783.569504806 24493437.568094995
6819785.759946222 24493435.057926975
6819914.746939698 24493465.06972041
6819963.114559277 24493031.376548976
6819936.110444201 24493298.22835649
6820041.601736765 24493183.392356895
6820026.498587133 24493181.84253072
6819745.956067589 24490661.156773217
6818483.9849388115 24487424.475863952
6818310.595160542 24487355.520165496
6818228.235370638 24487443.606632963
6818313.8500735 24487354.527595
6818556.394082802 24487895.80038703
6818513.0392787 24487787.957231205
6818589.007934602 24487741.280193552
6818591.8141857255 24487742.976843685
6818556.441533682 24487869.467658997
6818020.796982304 24485362.561813306
6818019.931017293 24485365.576751806
6817920.7991697155 24485381.34286843
6817960.476680936 24485263.526244693
6816319.8557143975 24487197.406822864
6816346.720161341 24487198.510674436
6816347.091132181 24487194.699755523
6816188.0263352655 24487175.44191082
6816232.703205908 24487140.018473584
6816227.629814773 24487229.47755321
6822415.764406241 24483303.80548964
6822419.111743841 24483305.10064599
6822422.5224809395 24483306.540998895
6822376.8422749555 24483385.29799917
6822324.950715045 24483591.470159594
6822320.285600221 24483589.347127337
6822331.4040002925 24483559.400126558
6822327.966759724 24483557.244589318
6822328.44088904 24483493.10508082
6822114.618121575 24483471.97993034
6822139.068425204 24483438.6735408
6822145.959192455 24483422.799853805
6822086.089134842 24483368.761305355
6822309.47478635 24483422.439104192
6818691.95325165 24493760.3932262
6818616.942700523 24493918.123146325
6818588.418431949 24493764.8206096
6818656.5830733115 24493597.79692313
6818783.130866024 24491540.570038807
6818808.095955582 24491648.878569704
6818783.42188101 24491544.310956173
6818842.364958408 24491420.672369696
6818823.398382702 24492848.0174425
6818835.16883272 24492793.80956587
6818797.297746261 24492993.818395264
6818797.585827219 24493009.276058048
6818801.23575686 24493010.276019413
6818789.520302631 24493063.93890763
6818785.416383701 24493063.162943505
6818738.055664358 24492937.785887234
6818736.847660749 24492932.674003907
6818819.665726931 24492847.196906004
6818831.257833864 24492793.177917983
6820552.849882319 24493826.327173285
6820650.941862787 24493788.82613552
6820652.12209094 24493785.751607828
6820445.865448965 24493708.903220396
6818249.4725695 24493235.5637625
6818441.306260443 24487501.473388556
6818483.79696351 24487428.170784537
6822311.126731546 24483418.810175393
6822267.947510668 24483397.5168381
6822204.997209824 24483288.84149113
6822196.063595267 24483324.298762057
6822198.672549577 24483325.83171666
6822201.97248642 24483326.816679973
6822033.843046652 24483337.50122663
6822959.683666783 24479407.912324667
6822957.020846087 24479458.012502003
6822955.7608945 24479513.294325
6822867.773501963 24479571.773189858
6822105.953830874 24482321.65696607
6822167.2691965755 24482435.811201558
6823175.035501266 24480353.20478665
6823045.3055694075 24480062.990693714
6823058.176289506 24480238.628817618
6823204.83629198 24480426.28506063
6823010.084908282 24479992.889380112
6823180.378147 24480176.38357
6822842.8620425295 24482597.661555137
6822845.107012906 24482600.703478638
6822706.753882235 24482776.52729902
6822709.769831453 24482778.66123868
6822821.202214173 24482725.78087154
6823334.207293712 24482327.46615021
6823369.528717443 24482355.740372214
6823225.7910489505 24482238.268590614
6823223.502112111 24482241.025541313
6820621.975643392 24486641.89298576
6820557.6155588245 24488098.015622806
6820591.834278614 24487997.073657684
6820378.569588308 24488151.717285305
6820237.827807132 24488380.82895885
6820238.140778256 24488376.854043774
6820319.346448 24488305.6632025
6820322.734616883 24488305.696198113
6820305.556774812 24488447.96418632
6820987.953064816 24488653.075263076
6820987.923077766 24488656.48671938
6820961.137047227 24488574.696128927
6820885.846125926 24488702.45196843
6820844.280255551 24488571.67200272
6820759.194179035 24488776.483946465
6820427.246529021 24486899.206275877
6820426.603520137 24486895.24736488
6820480.342773283 24486783.592542112
6820720.645891275 24486805.036962986
6820721.409897697 24486809.005873207
6820578.68525002 24486876.74706239
6820578.086239815 24486872.71615275
6820604.64542734 24486826.57503233
6820603.97341767 24486822.369126834
6820628.726540441 24486758.033410136
6820660.743802419 24486923.08967528
6820618.426306039 24486642.694364075
6820645.702174675 24486560.2948282
6820559.069869903 24486576.59797525
6820590.118570087 24486495.99218292
6820961.075196499 24486682.467512585
6821118.067125736 24486895.3401598
6821000.184095938 24486809.321574982
6821332.302913304 24487294.871485904
6821300.463556041 24487469.062848352
6821261.625737598 24487179.846312705
6821261.238724419 24487176.071396522
6821303.560353973 24487089.075090837
6821300.93041063 24487089.41409565
6821253.211864529 24486815.7452633
6821256.378796484 24486815.369256802
6821263.448825637 24486846.715542924
6821252.956741015 24486792.844762094
6821249.654812629 24486793.355766285
6821266.965749412 24486846.180538256
6822031.5232735 24483341.2579775
6822645.3939235 24482625.859235
6822617.698444 24482695.1355525
6822620.7390625 24482696.6534
6822648.754573 24482626.93986
6822547.4446735 24482923.71933
6822543.5339125 24482922.7376675
6822527.140687 24482992.2367075
6822523.4499625 24482991.4778
6822635.842039 24482812.9580625
6822635.842039 24482816.6454475
6822586.752394 24482835.3215075
6818560.644013967 24487896.105441663
6818146.8355255 24493135.5485875
6818146.1415985 24493138.5867525
6818278.599157 24493089.26836
6818281.917484 24493090.30459
6821179.2357655 24486010.82946
6816612.648262 24488716.21045
6816715.068388 24488930.498485
6816774.5600935 24488843.049305
6816542.5044895 24488874.82501
6821189.4877735 24486781.1015275
6821309.961463 24486720.8662875
6821309.2087705 24486717.1706475
6821123.894905 24485944.4156125
6823519.9957975 24481295.6600075
6822208.8781195 24482286.613185
6823313.9953015 24482234.9818
6823327.119934 24482224.4958375
6823329.388339 24482227.3100775
6820966.1638885 24486681.715845
6821042.148814 24486757.26151
6821042.578924 24486760.74265
6818275.39342 24493088.54348
6822979.7296045 24481920.111985
6822983.2002925 24481922.396995
6823021.967905 24481858.9775675
6822855.8252815 24482156.6231625
6822852.4645915 24482154.668125
6822838.021765 24482194.1897825
6822834.551077 24482192.3419625
6823002.2040265 24482082.45514
6823000.793776 24482085.276335
6823003.6143175 24482079.41119
6818375.9640325 24493206.032605
6818377.620523 24493203.1372125
6818246.4498925 24493234.7987775
6820315.796056 24488305.551565
6815395.0589755 24492261.972995
6821333.5560745 24487276.512125
